image: devon_explored_more.pgm
resolution: 0.050000
origin: [-26.600000, -23.400000, 0.000000]
negate: 0
occupied_thresh: 0.65
free_thresh: 0.196

